360.000000 0.000113 -0.000093 0.000647 0.152388 -0.126193 0.874710 0.174215 -0.144268 1.000000
361.000000 0.000126 -0.000105 0.000727 0.152105 -0.126128 0.874798 0.173874 -0.144180 1.000000
362.000000 0.000142 -0.000118 0.000817 0.151804 -0.126059 0.874890 0.173512 -0.144085 1.000000
363.000000 0.000159 -0.000132 0.000918 0.151502 -0.125989 0.874983 0.173149 -0.143990 1.000000
364.000000 0.000178 -0.000149 0.001032 0.151210 -0.125922 0.875073 0.172797 -0.143898 1.000000
365.000000 0.000200 -0.000167 0.001160 0.150935 -0.125858 0.875157 0.172466 -0.143812 1.000000
366.000000 0.000224 -0.000187 0.001303 0.150670 -0.125801 0.875243 0.172146 -0.143733 1.000000
367.000000 0.000252 -0.000211 0.001466 0.150409 -0.125749 0.875330 0.171831 -0.143658 1.000000
368.000000 0.000283 -0.000237 0.001648 0.150158 -0.125695 0.875412 0.171529 -0.143584 1.000000
369.000000 0.000317 -0.000266 0.001852 0.149921 -0.125639 0.875484 0.171243 -0.143509 1.000000
370.000000 0.000355 -0.000298 0.002078 0.149698 -0.125580 0.875544 0.170977 -0.143430 1.000000
371.000000 0.000397 -0.000333 0.002325 0.149502 -0.125514 0.875584 0.170745 -0.143349 1.000000
372.000000 0.000444 -0.000373 0.002601 0.149312 -0.125449 0.875621 0.170521 -0.143268 1.000000
373.000000 0.000497 -0.000418 0.002917 0.149102 -0.125394 0.875679 0.170270 -0.143196 1.000000
374.000000 0.000559 -0.000470 0.003287 0.148857 -0.125356 0.875772 0.169972 -0.143137 1.000000
375.000000 0.000631 -0.000533 0.003722 0.148576 -0.125337 0.875904 0.169626 -0.143094 1.000000
376.000000 0.000718 -0.000607 0.004245 0.148258 -0.125336 0.876074 0.169230 -0.143065 1.000000
377.000000 0.000819 -0.000694 0.004849 0.147942 -0.125343 0.876250 0.168836 -0.143044 1.000000
378.000000 0.000928 -0.000788 0.005508 0.147671 -0.125348 0.876400 0.168497 -0.143026 1.000000
379.000000 0.001042 -0.000886 0.006196 0.147460 -0.125346 0.876511 0.168235 -0.143006 1.000000
380.000000 0.001157 -0.000985 0.006887 0.147316 -0.125335 0.876577 0.168059 -0.142982 1.000000
381.000000 0.001270 -0.001081 0.007563 0.147227 -0.125311 0.876601 0.167952 -0.142951 1.000000
382.000000 0.001388 -0.001182 0.008271 0.147159 -0.125278 0.876606 0.167874 -0.142913 1.000000
383.000000 0.001523 -0.001297 0.009077 0.147091 -0.125245 0.876609 0.167795 -0.142875 1.000000
384.000000 0.001686 -0.001436 0.010053 0.147009 -0.125217 0.876625 0.167699 -0.142840 1.000000
385.000000 0.001888 -0.001609 0.011265 0.146909 -0.125198 0.876660 0.167578 -0.142813 1.000000
386.000000 0.002139 -0.001824 0.012777 0.146791 -0.125192 0.876717 0.167433 -0.142797 1.000000
387.000000 0.002439 -0.002082 0.014582 0.146662 -0.125190 0.876784 0.167273 -0.142783 1.000000
388.000000 0.002781 -0.002376 0.016645 0.146521 -0.125178 0.876848 0.167100 -0.142759 1.000000
389.000000 0.003160 -0.002702 0.018932 0.146368 -0.125152 0.876905 0.166914 -0.142721 1.000000
390.000000 0.003569 -0.003054 0.021409 0.146202 -0.125109 0.876950 0.166716 -0.142663 1.000000
391.000000 0.004002 -0.003427 0.024037 0.146019 -0.125044 0.876984 0.166501 -0.142584 1.000000
392.000000 0.004474 -0.003835 0.026911 0.145823 -0.124972 0.877018 0.166271 -0.142497 1.000000
393.000000 0.005014 -0.004300 0.030196 0.145628 -0.124909 0.877060 0.166041 -0.142418 1.000000
394.000000 0.005648 -0.004849 0.034058 0.145448 -0.124867 0.877114 0.165826 -0.142361 1.000000
395.000000 0.006404 -0.005503 0.038664 0.145293 -0.124851 0.877181 0.165637 -0.142332 1.000000
396.000000 0.007321 -0.006297 0.044246 0.145152 -0.124856 0.877262 0.165460 -0.142324 1.000000
397.000000 0.008384 -0.007219 0.050723 0.145012 -0.124866 0.877347 0.165285 -0.142322 1.000000
398.000000 0.009541 -0.008224 0.057787 0.144874 -0.124872 0.877427 0.165112 -0.142317 1.000000
399.000000 0.010743 -0.009268 0.065132 0.144735 -0.124870 0.877500 0.164940 -0.142303 1.000000
400.000000 0.011937 -0.010308 0.072448 0.144591 -0.124857 0.877564 0.164764 -0.142277 1.000000
401.000000 0.013089 -0.011313 0.079534 0.144432 -0.124831 0.877624 0.164571 -0.142238 1.000000
402.000000 0.014277 -0.012352 0.086875 0.144239 -0.124790 0.877686 0.164340 -0.142181 1.000000
403.000000 0.015618 -0.013528 0.095195 0.144005 -0.124733 0.877754 0.164061 -0.142104 1.000000
404.000000 0.017228 -0.014942 0.105217 0.143732 -0.124661 0.877829 0.163736 -0.142010 1.000000
405.000000 0.019224 -0.016697 0.117666 0.143432 -0.124578 0.877908 0.163379 -0.141903 1.000000
406.000000 0.021686 -0.018864 0.133055 0.143102 -0.124479 0.877987 0.162988 -0.141778 1.000000
407.000000 0.024597 -0.021430 0.151299 0.142749 -0.124369 0.878067 0.162572 -0.141639 1.000000
408.000000 0.027928 -0.024371 0.172227 0.142399 -0.124262 0.878148 0.162158 -0.141504 1.000000
409.000000 0.031651 -0.027663 0.195666 0.142062 -0.124165 0.878233 0.161759 -0.141381 1.000000
410.000000 0.035737 -0.031284 0.221443 0.141745 -0.124084 0.878323 0.161382 -0.141274 1.000000
411.000000 0.040171 -0.035223 0.249514 0.141424 -0.124003 0.878415 0.160999 -0.141167 1.000000
412.000000 0.045025 -0.039547 0.280389 0.141072 -0.123907 0.878508 0.160581 -0.141043 1.000000
413.000000 0.050398 -0.044345 0.314726 0.140693 -0.123794 0.878599 0.160133 -0.140900 1.000000
414.000000 0.056390 -0.049707 0.353185 0.140293 -0.123667 0.878688 0.159661 -0.140741 1.000000
415.000000 0.063101 -0.055725 0.396423 0.139879 -0.123528 0.878771 0.159176 -0.140569 1.000000
416.000000 0.070517 -0.062384 0.444365 0.139466 -0.123381 0.878847 0.158692 -0.140390 1.000000
417.000000 0.078600 -0.069662 0.496944 0.139015 -0.123207 0.878917 0.158166 -0.140181 1.000000
418.000000 0.087409 -0.077629 0.554830 0.138476 -0.122983 0.878983 0.157542 -0.139915 1.000000
419.000000 0.097006 -0.086357 0.618694 0.137827 -0.122697 0.879047 0.156791 -0.139579 1.000000
420.000000 0.107452 -0.095917 0.689206 0.137059 -0.122347 0.879112 0.155907 -0.139171 1.000000
421.000000 0.118813 -0.106382 0.766982 0.136193 -0.121943 0.879176 0.154910 -0.138702 1.000000
422.000000 0.130840 -0.117525 0.850456 0.135268 -0.121502 0.879235 0.153847 -0.138191 1.000000
423.000000 0.143114 -0.128974 0.937018 0.134296 -0.121028 0.879285 0.152733 -0.137644 1.000000
424.000000 0.155217 -0.140356 1.024059 0.133280 -0.120519 0.879325 0.151570 -0.137058 1.000000
425.000000 0.166732 -0.151296 1.108971 0.132210 -0.119969 0.879354 0.150348 -0.136429 1.000000
426.000000 0.177434 -0.161592 1.190353 0.131079 -0.119376 0.879371 0.149060 -0.135751 1.000000
427.000000 0.187324 -0.171252 1.268317 0.129880 -0.118736 0.879380 0.147695 -0.135023 1.000000
428.000000 0.196328 -0.180217 1.342526 0.128599 -0.118046 0.879383 0.146238 -0.134237 1.000000
429.000000 0.204368 -0.188430 1.412640 0.127221 -0.117300 0.879382 0.144671 -0.133389 1.000000
430.000000 0.211369 -0.195833 1.478322 0.125733 -0.116491 0.879378 0.142979 -0.132470 1.000000
431.000000 0.217226 -0.202341 1.539037 0.124118 -0.115614 0.879373 0.141144 -0.131473 1.000000
432.000000 0.221918 -0.207926 1.594538 0.122385 -0.114669 0.879365 0.139174 -0.130399 1.000000
433.000000 0.225495 -0.212611 1.644918 0.120547 -0.113659 0.879350 0.137086 -0.129253 1.000000
434.000000 0.228008 -0.216417 1.690267 0.118616 -0.112586 0.879321 0.134895 -0.128037 1.000000
435.000000 0.229507 -0.219368 1.730677 0.116602 -0.111451 0.879275 0.132611 -0.126753 1.000000
436.000000 0.230000 -0.221460 1.766123 0.114499 -0.110247 0.879209 0.130229 -0.125393 1.000000
437.000000 0.229487 -0.222704 1.796692 0.112289 -0.108970 0.879128 0.127727 -0.123952 1.000000
438.000000 0.228002 -0.223148 1.822642 0.109963 -0.107622 0.879038 0.125094 -0.122431 1.000000
439.000000 0.225583 -0.222840 1.844232 0.107511 -0.106204 0.878947 0.122318 -0.120831 1.000000
440.000000 0.222267 -0.221827 1.861723 0.104925 -0.104717 0.878859 0.119388 -0.119151 1.000000
441.000000 0.218081 -0.220138 1.875260 0.102196 -0.103160 0.878778 0.116294 -0.117391 1.000000
442.000000 0.213057 -0.217802 1.885149 0.099310 -0.101522 0.878701 0.113019 -0.115536 1.000000
443.000000 0.207239 -0.214867 1.891886 0.096245 -0.099788 0.878625 0.109541 -0.113573 1.000000
444.000000 0.200667 -0.211377 1.895970 0.092984 -0.097947 0.878548 0.105839 -0.111488 1.000000
445.000000 0.193384 -0.207380 1.897897 0.089510 -0.095989 0.878469 0.101894 -0.109268 1.000000
446.000000 0.185412 -0.202895 1.897884 0.085813 -0.093905 0.878385 0.097694 -0.106906 1.000000
447.000000 0.176786 -0.197951 1.896105 0.081889 -0.091693 0.878296 0.093237 -0.104399 1.000000
448.000000 0.167566 -0.192605 1.892989 0.077738 -0.089354 0.878202 0.088519 -0.101747 1.000000
449.000000 0.157809 -0.186915 1.888969 0.073359 -0.086889 0.878105 0.083543 -0.098951 1.000000
450.000000 0.147577 -0.180937 1.884474 0.068758 -0.084301 0.878006 0.078312 -0.096015 1.000000
451.000000 0.136929 -0.174723 1.879858 0.063947 -0.081596 0.877904 0.072840 -0.092945 1.000000
452.000000 0.125851 -0.168234 1.874829 0.058923 -0.078767 0.877792 0.067127 -0.089733 1.000000
453.000000 0.114285 -0.161397 1.868845 0.053671 -0.075796 0.877662 0.061153 -0.086362 1.000000
454.000000 0.102174 -0.154136 1.861365 0.048168 -0.072665 0.877507 0.054892 -0.082808 1.000000
455.000000 0.089461 -0.146379 1.851847 0.042383 -0.069348 0.877320 0.048309 -0.079045 1.000000
456.000000 0.076119 -0.138076 1.839985 0.036284 -0.065819 0.877090 0.041369 -0.075042 1.000000
457.000000 0.062211 -0.129251 1.825796 0.029876 -0.062071 0.876810 0.034073 -0.070792 1.000000
458.000000 0.047823 -0.119933 1.809218 0.023168 -0.058101 0.876471 0.026433 -0.066290 1.000000
459.000000 0.033040 -0.110152 1.790193 0.016169 -0.053905 0.876062 0.018456 -0.061531 1.000000
460.000000 0.017947 -0.099937 1.768660 0.008885 -0.049474 0.875574 0.010147 -0.056504 1.000000
461.000000 0.002619 -0.089336 1.744837 0.001314 -0.044800 0.875000 0.001501 -0.051200 1.000000
462.000000 -0.012960 -0.078293 1.718392 -0.006594 -0.039835 0.874317 -0.007542 -0.045562 1.000000
463.000000 -0.028842 -0.066681 1.688436 -0.014921 -0.034496 0.873488 -0.017082 -0.039493 1.000000
464.000000 -0.045079 -0.054373 1.654082 -0.023777 -0.028680 0.872469 -0.027253 -0.032872 1.000000
465.000000 -0.061722 -0.041244 1.614440 -0.033308 -0.022257 0.871211 -0.038231 -0.025547 1.000000
466.000000 -0.078802 -0.027206 1.568843 -0.043683 -0.015081 0.869659 -0.050229 -0.017341 1.000000
467.000000 -0.096205 -0.012386 1.518312 -0.054986 -0.007079 0.867786 -0.063363 -0.008157 1.000000
468.000000 -0.113768 0.003023 1.464499 -0.067240 0.001787 0.865567 -0.077684 0.002064 1.000000
469.000000 -0.131328 0.018827 1.409056 -0.080432 0.011531 0.862979 -0.093203 0.013361 1.000000
470.000000 -0.148723 0.034833 1.353634 -0.094488 0.022130 0.860007 -0.109869 0.025733 1.000000
471.000000 -0.165860 0.050937 1.299119 -0.109366 0.033587 0.856626 -0.127671 0.039209 1.000000
472.000000 -0.182756 0.067172 1.245234 -0.125158 0.046002 0.852785 -0.146764 0.053943 1.000000
473.000000 -0.199415 0.083553 1.191890 -0.141951 0.059476 0.848431 -0.167310 0.070101 1.000000
474.000000 -0.215840 0.100092 1.138994 -0.159844 0.074125 0.843502 -0.189500 0.087877 1.000000
475.000000 -0.232033 0.116803 1.086457 -0.178955 0.090084 0.837927 -0.213569 0.107509 1.000000
476.000000 -0.247983 0.133690 1.034466 -0.199358 0.107476 0.831626 -0.239721 0.129236 1.000000
477.000000 -0.263669 0.150704 0.983351 -0.221089 0.126367 0.824550 -0.268133 0.153255 1.000000
478.000000 -0.279082 0.167783 0.933228 -0.244226 0.146827 0.816672 -0.299050 0.179788 1.000000
479.000000 -0.294214 0.184864 0.884215 -0.268844 0.168923 0.807967 -0.332741 0.209071 1.000000
480.000000 -0.309057 0.201885 0.836429 -0.295012 0.192710 0.798417 -0.369496 0.241366 1.000000
481.000000 -0.323625 0.218818 0.789950 -0.322820 0.218273 0.787986 -0.409677 0.277002 1.000000
482.000000 -0.337949 0.235724 0.744901 -0.352316 0.245745 0.776568 -0.453684 0.316451 1.000000
483.000000 -0.352049 0.252681 0.701462 -0.383457 0.275223 0.764043 -0.501879 0.360220 1.000000
484.000000 -0.365943 0.269763 0.659817 -0.416126 0.306757 0.750300 -0.554613 0.408845 1.000000
485.000000 -0.379648 0.287046 0.620145 -0.450114 0.340324 0.735248 -0.612193 0.462870 1.000000
486.000000 -0.393162 0.304565 0.582580 -0.485126 0.375805 0.718850 -0.674864 0.522787 1.000000
487.000000 -0.406581 0.322371 0.547039 -0.521087 0.413161 0.701102 -0.743240 0.589302 1.000000
488.000000 -0.420071 0.340568 0.513379 -0.558040 0.452425 0.681994 -0.818247 0.663385 1.000000
489.000000 -0.433800 0.359261 0.481460 -0.596045 0.493627 0.661529 -0.901010 0.746190 1.000000
490.000000 -0.447935 0.378553 0.451140 -0.635180 0.536794 0.639724 -0.992897 0.839103 1.000000
491.000000 -0.462595 0.398542 0.422355 -0.675359 0.581845 0.616611 -1.095277 0.943618 1.000000
492.000000 -0.477764 0.419249 0.395084 -0.716221 0.628500 0.592274 -1.139571 1.000000 0.942360
493.000000 -0.493410 0.440663 0.369248 -0.757430 0.676459 0.566831 -1.119697 1.000000 0.837937
494.000000 -0.509499 0.462774 0.344771 -0.798629 0.725388 0.540421 -1.100967 1.000000 0.745010
495.000000 -0.526000 0.485570 0.321575 -0.839452 0.774928 0.513205 -1.083264 1.000000 0.662262
496.000000 -0.542839 0.508997 0.299572 -0.879512 0.824682 0.485369 -1.066487 1.000000 0.588554
497.000000 -0.560089 0.533168 0.278681 -0.918532 0.874381 0.457029 -1.050494 1.000000 0.522689
498.000000 -0.577942 0.558318 0.258827 -0.956296 0.923824 0.428270 -1.035149 1.000000 0.463583
499.000000 -0.596588 0.584685 0.239937 -0.992588 0.972784 0.399201 -1.020358 1.000000 0.410370
500.000000 -0.616218 0.612505 0.221938 -1.027201 1.021012 0.369958 -1.006062 1.000000 0.362344
501.000000 -0.636960 0.641940 0.204795 -1.059839 1.068127 0.340760 -0.992241 1.000000 0.319026
502.000000 -0.658537 0.672782 0.188388 -1.090086 1.113666 0.311841 -0.978826 1.000000 0.280013
503.000000 -0.680536 0.704716 0.172505 -1.117656 1.157369 0.283309 -0.965687 1.000000 0.244787
504.000000 -0.702541 0.737426 0.156940 -1.142385 1.199111 0.255197 -0.952693 1.000000 0.212822
505.000000 -0.724138 0.770595 0.141483 -1.164208 1.238899 0.227464 -0.939712 1.000000 0.183602
506.000000 -0.745061 0.804010 0.126004 -1.183154 1.276765 0.200094 -0.926681 1.000000 0.156720
507.000000 -0.765314 0.837712 0.110562 -1.199052 1.312481 0.173223 -0.913577 1.000000 0.131981
508.000000 -0.784882 0.871765 0.095225 -1.211622 1.345743 0.146999 -0.900337 1.000000 0.109233
509.000000 -0.803753 0.906237 0.080063 -1.220614 1.376251 0.121587 -0.886912 1.000000 0.088347
510.000000 -0.821912 0.941193 0.065145 -1.225820 1.403719 0.097160 -0.873266 1.000000 0.069216
511.000000 -0.839280 0.976602 0.050470 -1.227274 1.428079 0.073802 -0.859389 1.000000 0.051679
512.000000 -0.855632 1.012202 0.036064 -1.225090 1.449267 0.051637 -0.845317 1.000000 0.035630
513.000000 -0.870736 1.047722 0.022044 -1.219241 1.467066 0.030867 -0.831075 1.000000 0.021040
514.000000 -0.884361 1.082888 0.008525 -1.209741 1.481311 0.011662 -0.816669 1.000000 0.007873
515.000000 -0.896276 1.117426 -0.004377 -1.196631 1.491890 -0.005844 -0.802090 1.000000 -0.003917
516.000000 -0.906375 1.151232 -0.016615 -1.180076 1.498873 -0.021632 -0.787309 1.000000 -0.014432
517.000000 -0.914555 1.184143 -0.028192 -1.160464 1.502540 -0.035772 -0.772335 1.000000 -0.023808
518.000000 -0.920594 1.215798 -0.039074 -1.138162 1.503133 -0.048308 -0.757193 1.000000 -0.032138
519.000000 -0.924268 1.245835 -0.049225 -1.113487 1.500887 -0.059302 -0.741886 1.000000 -0.039512
520.000000 -0.925355 1.273894 -0.058610 -1.086710 1.496024 -0.068830 -0.726399 1.000000 -0.046009
521.000000 -0.923689 1.299692 -0.067184 -1.058027 1.488716 -0.076955 -0.710698 1.000000 -0.051692
522.000000 -0.919385 1.323362 -0.075008 -1.027700 1.479272 -0.083845 -0.694734 1.000000 -0.056680
523.000000 -0.912643 1.345164 -0.082205 -0.996034 1.468076 -0.089717 -0.678462 1.000000 -0.061112
524.000000 -0.903664 1.365357 -0.088898 -0.963310 1.455477 -0.094766 -0.661852 1.000000 -0.065110
525.000000 -0.892645 1.384199 -0.095209 -0.929791 1.441799 -0.099171 -0.644882 1.000000 -0.068782
526.000000 -0.879654 1.401790 -0.101200 -0.895612 1.427220 -0.103036 -0.627522 1.000000 -0.072193
527.000000 -0.864719 1.418036 -0.106864 -0.860967 1.411884 -0.106401 -0.609800 1.000000 -0.075361
528.000000 -0.847989 1.432913 -0.112221 -0.826156 1.396019 -0.109332 -0.591794 1.000000 -0.078317
529.000000 -0.829612 1.446396 -0.117289 -0.791430 1.379827 -0.111891 -0.573572 1.000000 -0.081091
530.000000 -0.809736 1.458460 -0.122089 -0.757003 1.363480 -0.114138 -0.555200 1.000000 -0.083711
531.000000 -0.788470 1.469111 -0.126649 -0.722986 1.347097 -0.116130 -0.536699 1.000000 -0.086208
532.000000 -0.765824 1.478407 -0.130982 -0.689287 1.330654 -0.117891 -0.518006 1.000000 -0.088596
533.000000 -0.741796 1.486401 -0.135080 -0.655806 1.314095 -0.119421 -0.499055 1.000000 -0.090877
534.000000 -0.716387 1.493146 -0.138936 -0.622459 1.297375 -0.120720 -0.479783 1.000000 -0.093049
535.000000 -0.689595 1.498697 -0.142544 -0.589176 1.280456 -0.121787 -0.460130 1.000000 -0.095112
536.000000 -0.661456 1.503092 -0.145907 -0.555954 1.263349 -0.122635 -0.440063 1.000000 -0.097071
537.000000 -0.631994 1.506333 -0.149036 -0.522805 1.246084 -0.123287 -0.419558 1.000000 -0.098940
538.000000 -0.601195 1.508415 -0.151931 -0.489692 1.228649 -0.123752 -0.398561 1.000000 -0.100722
539.000000 -0.569043 1.509333 -0.154592 -0.456580 1.211036 -0.124039 -0.377016 1.000000 -0.102424
540.000000 -0.535522 1.509083 -0.157020 -0.423438 1.193234 -0.124156 -0.354866 1.000000 -0.104050
541.000000 -0.500633 1.507677 -0.159218 -0.390246 1.175242 -0.124112 -0.332056 1.000000 -0.105605
542.000000 -0.464403 1.505144 -0.161193 -0.357007 1.157073 -0.123916 -0.308544 1.000000 -0.107095
543.000000 -0.426860 1.501503 -0.162949 -0.323731 1.138742 -0.123580 -0.284288 1.000000 -0.108524
544.000000 -0.388031 1.496770 -0.164491 -0.290423 1.120262 -0.123114 -0.259246 1.000000 -0.109897
545.000000 -0.347946 1.490965 -0.165825 -0.257090 1.101644 -0.122525 -0.233369 1.000000 -0.111220
546.000000 -0.306620 1.484093 -0.166954 -0.223731 1.082897 -0.121821 -0.206604 1.000000 -0.112495
547.000000 -0.264064 1.476182 -0.167885 -0.190336 1.064022 -0.121010 -0.178883 1.000000 -0.113729
548.000000 -0.220292 1.467288 -0.168632 -0.156896 1.045025 -0.120103 -0.150136 1.000000 -0.114928
549.000000 -0.175320 1.457466 -0.169208 -0.123408 1.025913 -0.119106 -0.120291 1.000000 -0.116098
550.000000 -0.129164 1.446772 -0.169626 -0.089875 1.006696 -0.118030 -0.089277 1.000000 -0.117245
551.000000 -0.081788 1.435172 -0.169887 -0.056268 0.987362 -0.116878 -0.056988 1.000000 -0.118374
552.000000 -0.033236 1.422685 -0.169997 -0.022612 0.967934 -0.115658 -0.023361 1.000000 -0.119490
553.000000 0.016469 1.409317 -0.169959 0.011083 0.948421 -0.114376 0.011686 1.000000 -0.120596
554.000000 0.067309 1.395070 -0.169777 0.044814 0.928831 -0.113037 0.048247 1.000000 -0.121698
555.000000 0.119270 1.379937 -0.169455 0.078581 0.909169 -0.111645 0.086431 1.000000 -0.122799
556.000000 0.172356 1.363903 -0.168993 0.112397 0.889431 -0.110204 0.126370 1.000000 -0.123904
557.000000 0.226536 1.346959 -0.168395 0.146256 0.869625 -0.108720 0.168183 1.000000 -0.125019
558.000000 0.281748 1.329097 -0.167663 0.180138 0.849768 -0.107197 0.211985 1.000000 -0.126148
559.000000 0.337938 1.310305 -0.166798 0.214031 0.829873 -0.105641 0.257908 1.000000 -0.127297
560.000000 0.395053 1.290564 -0.165803 0.247931 0.809944 -0.104056 0.306109 1.000000 -0.128473
561.000000 0.453063 1.269844 -0.164675 0.281853 0.789977 -0.102445 0.356786 1.000000 -0.129681
562.000000 0.511875 1.248232 -0.163427 0.315760 0.769996 -0.100813 0.410080 1.000000 -0.130927
563.000000 0.571448 1.225767 -0.162062 0.349649 0.750004 -0.099160 0.466196 1.000000 -0.132213
564.000000 0.631740 1.202486 -0.160586 0.383517 0.730006 -0.097489 0.525362 1.000000 -0.133545
565.000000 0.692709 1.178428 -0.159004 0.417358 0.710004 -0.095800 0.587825 1.000000 -0.134929
566.000000 0.754300 1.153627 -0.157320 0.451161 0.690006 -0.094096 0.653851 1.000000 -0.136370
567.000000 0.816427 1.128103 -0.155537 0.484910 0.670027 -0.092380 0.723717 1.000000 -0.137874
568.000000 0.879002 1.101873 -0.153656 0.518587 0.650075 -0.090653 0.797735 1.000000 -0.139450
569.000000 0.941938 1.074957 -0.151679 0.552181 0.630159 -0.088917 0.876257 1.000000 -0.141102
570.000000 1.005147 1.047372 -0.149607 0.585682 0.610285 -0.087173 0.959685 1.000000 -0.142840
571.000000 1.068539 1.019144 -0.147442 0.619080 0.590462 -0.085424 1.000000 0.953772 -0.137985
572.000000 1.132021 0.990318 -0.145192 0.652359 0.570699 -0.083671 1.000000 0.874823 -0.128259
573.000000 1.195502 0.960947 -0.142861 0.685502 0.551008 -0.081917 1.000000 0.803802 -0.119499
574.000000 1.258888 0.931080 -0.140456 0.718493 0.531401 -0.080163 1.000000 0.739605 -0.111571
575.000000 1.322089 0.900768 -0.137983 0.751315 0.511888 -0.078413 1.000000 0.681322 -0.104367
576.000000 1.385016 0.870062 -0.135447 0.783954 0.492477 -0.076667 1.000000 0.628197 -0.097795
577.000000 1.447538 0.839002 -0.132853 0.816390 0.473184 -0.074927 1.000000 0.579606 -0.091779
578.000000 1.509497 0.807623 -0.130206 0.848599 0.454024 -0.073198 1.000000 0.535028 -0.086258
579.000000 1.570735 0.775963 -0.127511 0.880564 0.435010 -0.071483 1.000000 0.494013 -0.081179
580.000000 1.631095 0.744060 -0.124772 0.912271 0.416152 -0.069785 1.000000 0.456172 -0.076496
581.000000 1.690444 0.711953 -0.121994 0.943712 0.397457 -0.068105 1.000000 0.421163 -0.072167
582.000000 1.748682 0.679711 -0.119184 0.974872 0.378932 -0.066444 1.000000 0.388699 -0.068156
583.000000 1.805701 0.647409 -0.116345 1.005730 0.360590 -0.064802 1.000000 0.358536 -0.064432
584.000000 1.861391 0.615121 -0.113487 1.036261 0.342446 -0.063180 1.000000 0.330463 -0.060969
585.000000 1.915644 0.582922 -0.110614 1.066439 0.324513 -0.061579 1.000000 0.304296 -0.057742
586.000000 1.968311 0.550881 -0.107733 1.096237 0.306809 -0.060001 1.000000 0.279875 -0.054734
587.000000 2.019282 0.519055 -0.104848 1.125638 0.289344 -0.058447 1.000000 0.257049 -0.051924
588.000000 2.068506 0.487499 -0.101960 1.154631 0.272120 -0.056914 1.000000 0.235677 -0.049292
589.000000 2.115934 0.456271 -0.099070 1.183205 0.255141 -0.055399 1.000000 0.215636 -0.046821
590.000000 2.161516 0.425428 -0.096178 1.211340 0.238415 -0.053899 1.000000 0.196819 -0.044496
591.000000 2.205251 0.395007 -0.093285 1.239040 0.221938 -0.052413 1.000000 0.179121 -0.042301
592.000000 2.246910 0.365084 -0.090400 1.266251 0.205744 -0.050945 1.000000 0.162483 -0.040233
593.000000 2.286103 0.335774 -0.087535 1.292879 0.189893 -0.049505 1.000000 0.146876 -0.038290
594.000000 2.322441 0.307193 -0.084705 1.318831 0.174444 -0.048101 1.000000 0.132272 -0.036472
595.000000 2.355532 0.279458 -0.081922 1.344021 0.159453 -0.046743 1.000000 0.118639 -0.034779
596.000000 2.385067 0.252668 -0.079196 1.368383 0.144963 -0.045437 1.000000 0.105938 -0.033205
597.000000 2.411178 0.226809 -0.076524 1.391974 0.130937 -0.044177 1.000000 0.094066 -0.031737
598.000000 2.434135 0.201823 -0.073903 1.414892 0.117314 -0.042958 1.000000 0.082913 -0.030361
599.000000 2.454211 0.177653 -0.071326 1.437231 0.104037 -0.041770 1.000000 0.072387 -0.029063
600.000000 2.471677 0.154242 -0.068790 1.459077 0.091052 -0.040608 1.000000 0.062404 -0.027831
601.000000 2.486694 0.131563 -0.066292 1.480482 0.078328 -0.039468 1.000000 0.052907 -0.026659
602.000000 2.499025 0.109693 -0.063839 1.501383 0.065902 -0.038354 1.000000 0.043894 -0.025546
603.000000 2.508347 0.088726 -0.061439 1.521699 0.053826 -0.037272 1.000000 0.035372 -0.024494
604.000000 2.514337 0.068758 -0.059099 1.541346 0.042150 -0.036229 1.000000 0.027346 -0.023505
605.000000 2.516670 0.049883 -0.056827 1.560242 0.030926 -0.035231 1.000000 0.019821 -0.022580
606.000000 2.515163 0.032157 -0.054628 1.578344 0.020179 -0.034281 1.000000 0.012785 -0.021719
607.000000 2.510030 0.015537 -0.052498 1.595706 0.009877 -0.033375 1.000000 0.006190 -0.020915
608.000000 2.501534 -0.000022 -0.050433 1.612380 -0.000014 -0.032507 1.000000 -0.000009 -0.020161
609.000000 2.489945 -0.014565 -0.048428 1.628412 -0.009525 -0.031671 1.000000 -0.005850 -0.019449
610.000000 2.475529 -0.028139 -0.046477 1.643843 -0.018685 -0.030863 1.000000 -0.011367 -0.018775
611.000000 2.458409 -0.040761 -0.044580 1.658685 -0.027502 -0.030078 1.000000 -0.016580 -0.018134
612.000000 2.438538 -0.052431 -0.042738 1.672930 -0.035969 -0.029320 1.000000 -0.021501 -0.017526
613.000000 2.415928 -0.063160 -0.040951 1.686589 -0.044093 -0.028588 1.000000 -0.026143 -0.016950
614.000000 2.390591 -0.072963 -0.039220 1.699670 -0.051876 -0.027885 1.000000 -0.030521 -0.016406
615.000000 2.362537 -0.081853 -0.037547 1.712182 -0.059321 -0.027211 1.000000 -0.034646 -0.015893
616.000000 2.331898 -0.089852 -0.035931 1.724135 -0.066434 -0.026566 1.000000 -0.038532 -0.015409
617.000000 2.298731 -0.096988 -0.034371 1.735545 -0.073226 -0.025950 1.000000 -0.042192 -0.014952
618.000000 2.262935 -0.103280 -0.032862 1.746434 -0.079707 -0.025362 1.000000 -0.045640 -0.014522
619.000000 2.224412 -0.108751 -0.031403 1.756825 -0.085891 -0.024802 1.000000 -0.048890 -0.014117
620.000000 2.183061 -0.113421 -0.029988 1.766746 -0.091791 -0.024270 1.000000 -0.051955 -0.013737
621.000000 2.138886 -0.117316 -0.028618 1.776223 -0.097425 -0.023765 1.000000 -0.054849 -0.013380
622.000000 2.092225 -0.120481 -0.027291 1.785283 -0.102806 -0.023287 1.000000 -0.057585 -0.013044
623.000000 2.043486 -0.122967 -0.026008 1.793950 -0.107951 -0.022832 1.000000 -0.060175 -0.012727
624.000000 1.993077 -0.124824 -0.024770 1.802241 -0.112872 -0.022398 1.000000 -0.062629 -0.012428
625.000000 1.941406 -0.126103 -0.023576 1.810169 -0.117578 -0.021982 1.000000 -0.064954 -0.012144
626.000000 1.888644 -0.126835 -0.022425 1.817738 -0.122074 -0.021583 1.000000 -0.067157 -0.011874
627.000000 1.835035 -0.127068 -0.021318 1.824972 -0.126371 -0.021201 1.000000 -0.069246 -0.011617
628.000000 1.781096 -0.126876 -0.020255 1.831912 -0.130495 -0.020832 1.000000 -0.071235 -0.011372
629.000000 1.727346 -0.126332 -0.019238 1.838596 -0.134468 -0.020477 1.000000 -0.073136 -0.011137
630.000000 1.674301 -0.125512 -0.018269 1.845062 -0.138312 -0.020132 1.000000 -0.074964 -0.010911
631.000000 1.622362 -0.124473 -0.017348 1.851331 -0.142040 -0.019797 1.000000 -0.076723 -0.010693
632.000000 1.571433 -0.123222 -0.016474 1.857391 -0.145645 -0.019472 1.000000 -0.078414 -0.010483
633.000000 1.521285 -0.121754 -0.015642 1.863235 -0.149122 -0.019158 1.000000 -0.080034 -0.010282
634.000000 1.471693 -0.120065 -0.014848 1.868856 -0.152467 -0.018855 1.000000 -0.081583 -0.010089
635.000000 1.422428 -0.118150 -0.014089 1.874255 -0.155679 -0.018564 1.000000 -0.083062 -0.009905
636.000000 1.373473 -0.116023 -0.013362 1.879439 -0.158765 -0.018284 1.000000 -0.084474 -0.009729
637.000000 1.324972 -0.113714 -0.012667 1.884416 -0.161727 -0.018015 1.000000 -0.085823 -0.009560
638.000000 1.276946 -0.111235 -0.012003 1.889190 -0.164568 -0.017758 1.000000 -0.087110 -0.009400
639.000000 1.229412 -0.108603 -0.011368 1.893763 -0.167290 -0.017511 1.000000 -0.088337 -0.009247
640.000000 1.182390 -0.105832 -0.010761 1.898141 -0.169896 -0.017275 1.000000 -0.089506 -0.009101
641.000000 1.135891 -0.102936 -0.010180 1.902337 -0.172393 -0.017049 1.000000 -0.090621 -0.008962
642.000000 1.089978 -0.099934 -0.009624 1.906354 -0.174782 -0.016833 1.000000 -0.091684 -0.008830
643.000000 1.044747 -0.096840 -0.009094 1.910182 -0.177059 -0.016628 1.000000 -0.092692 -0.008705
644.000000 1.000295 -0.093672 -0.008589 1.913812 -0.179218 -0.016434 1.000000 -0.093644 -0.008587
645.000000 0.956718 -0.090446 -0.008110 1.917233 -0.181251 -0.016252 1.000000 -0.094538 -0.008477
646.000000 0.914057 -0.087173 -0.007655 1.920431 -0.183151 -0.016082 1.000000 -0.095370 -0.008374
647.000000 0.872361 -0.083872 -0.007223 1.923418 -0.184925 -0.015925 1.000000 -0.096144 -0.008280
648.000000 0.831743 -0.080568 -0.006813 1.926215 -0.186585 -0.015779 1.000000 -0.096866 -0.008191
649.000000 0.792317 -0.077286 -0.006425 1.928850 -0.188149 -0.015640 1.000000 -0.097545 -0.008109
650.000000 0.754195 -0.074054 -0.006056 1.931357 -0.189638 -0.015508 1.000000 -0.098189 -0.008030
651.000000 0.717465 -0.070890 -0.005705 1.933757 -0.191068 -0.015378 1.000000 -0.098806 -0.007952
652.000000 0.682085 -0.067796 -0.005374 1.936052 -0.192434 -0.015253 1.000000 -0.099395 -0.007878
653.000000 0.647976 -0.064768 -0.005060 1.938235 -0.193734 -0.015134 1.000000 -0.099954 -0.007808
654.000000 0.615060 -0.061802 -0.004762 1.940301 -0.194965 -0.015022 1.000000 -0.100482 -0.007742
655.000000 0.583257 -0.058896 -0.004479 1.942247 -0.196124 -0.014916 1.000000 -0.100978 -0.007680
656.000000 0.552544 -0.056053 -0.004211 1.944085 -0.197219 -0.014816 1.000000 -0.101445 -0.007621
657.000000 0.522937 -0.053280 -0.003956 1.945822 -0.198253 -0.014722 1.000000 -0.101886 -0.007566
658.000000 0.494421 -0.050579 -0.003715 1.947451 -0.199223 -0.014633 1.000000 -0.102299 -0.007514
659.000000 0.466976 -0.047950 -0.003486 1.948965 -0.200124 -0.014551 1.000000 -0.102682 -0.007466
660.000000 0.440585 -0.045395 -0.003270 1.950356 -0.200953 -0.014475 1.000000 -0.103034 -0.007422
661.000000 0.415233 -0.042916 -0.003065 1.951622 -0.201707 -0.014407 1.000000 -0.103353 -0.007382
662.000000 0.390915 -0.040516 -0.002871 1.952770 -0.202390 -0.014344 1.000000 -0.103643 -0.007346
663.000000 0.367637 -0.038200 -0.002688 1.953817 -0.203014 -0.014287 1.000000 -0.103906 -0.007312
664.000000 0.345404 -0.035974 -0.002515 1.954786 -0.203591 -0.014235 1.000000 -0.104150 -0.007282
665.000000 0.324217 -0.033842 -0.002351 1.955709 -0.204141 -0.014184 1.000000 -0.104382 -0.007253
666.000000 0.304055 -0.031807 -0.002197 1.956618 -0.204682 -0.014135 1.000000 -0.104610 -0.007224
667.000000 0.284916 -0.029869 -0.002050 1.957513 -0.205215 -0.014086 1.000000 -0.104835 -0.007196
668.000000 0.266839 -0.028032 -0.001913 1.958387 -0.205736 -0.014039 1.000000 -0.105054 -0.007169
669.000000 0.249863 -0.026302 -0.001785 1.959230 -0.206238 -0.013993 1.000000 -0.105265 -0.007142
670.000000 0.234027 -0.024682 -0.001666 1.960027 -0.206713 -0.013950 1.000000 -0.105464 -0.007117
671.000000 0.219340 -0.023174 -0.001556 1.960778 -0.207160 -0.013909 1.000000 -0.105652 -0.007094
672.000000 0.205723 -0.021772 -0.001455 1.961492 -0.207585 -0.013870 1.000000 -0.105830 -0.007071
673.000000 0.193091 -0.020468 -0.001361 1.962175 -0.207992 -0.013833 1.000000 -0.106001 -0.007050
674.000000 0.181356 -0.019254 -0.001275 1.962837 -0.208386 -0.013797 1.000000 -0.106166 -0.007029
675.000000 0.170431 -0.018122 -0.001194 1.963494 -0.208777 -0.013761 1.000000 -0.106329 -0.007009
676.000000 0.160291 -0.017070 -0.001120 1.964162 -0.209175 -0.013725 1.000000 -0.106496 -0.006988
677.000000 0.150867 -0.016092 -0.001051 1.964838 -0.209578 -0.013688 1.000000 -0.106664 -0.006967
678.000000 0.142013 -0.015172 -0.000986 1.965514 -0.209980 -0.013652 1.000000 -0.106832 -0.006946
679.000000 0.133581 -0.014293 -0.000925 1.966180 -0.210377 -0.013615 1.000000 -0.106998 -0.006925
680.000000 0.125425 -0.013440 -0.000866 1.966829 -0.210763 -0.013580 1.000000 -0.107159 -0.006905
681.000000 0.117434 -0.012603 -0.000808 1.967467 -0.211144 -0.013545 1.000000 -0.107317 -0.006885
682.000000 0.109648 -0.011784 -0.000753 1.968101 -0.211521 -0.013511 1.000000 -0.107475 -0.006865
683.000000 0.102144 -0.010994 -0.000699 1.968720 -0.211889 -0.013477 1.000000 -0.107628 -0.006846
684.000000 0.094998 -0.010238 -0.000649 1.969307 -0.212239 -0.013445 1.000000 -0.107774 -0.006827
685.000000 0.088288 -0.009527 -0.000601 1.969841 -0.212557 -0.013416 1.000000 -0.107906 -0.006811
686.000000 0.082028 -0.008861 -0.000558 1.970296 -0.212828 -0.013392 1.000000 -0.108018 -0.006797
687.000000 0.076174 -0.008235 -0.000517 1.970673 -0.213053 -0.013371 1.000000 -0.108112 -0.006785
688.000000 0.070715 -0.007651 -0.000479 1.970983 -0.213237 -0.013354 1.000000 -0.108188 -0.006775
689.000000 0.065640 -0.007106 -0.000444 1.971243 -0.213392 -0.013340 1.000000 -0.108253 -0.006767
690.000000 0.060938 -0.006600 -0.000412 1.971479 -0.213532 -0.013327 1.000000 -0.108311 -0.006760
691.000000 0.056604 -0.006134 -0.000382 1.971706 -0.213668 -0.013315 1.000000 -0.108367 -0.006753
692.000000 0.052621 -0.005705 -0.000355 1.971918 -0.213794 -0.013303 1.000000 -0.108419 -0.006746
693.000000 0.048965 -0.005311 -0.000330 1.972113 -0.213910 -0.013293 1.000000 -0.108468 -0.006740
694.000000 0.045610 -0.004949 -0.000307 1.972288 -0.214014 -0.013283 1.000000 -0.108511 -0.006735
695.000000 0.042532 -0.004617 -0.000286 1.972441 -0.214106 -0.013275 1.000000 -0.108549 -0.006730
696.000000 0.039715 -0.004312 -0.000267 1.972582 -0.214190 -0.013267 1.000000 -0.108583 -0.006726
697.000000 0.037141 -0.004034 -0.000250 1.972715 -0.214269 -0.013260 1.000000 -0.108616 -0.006722
698.000000 0.034771 -0.003778 -0.000234 1.972832 -0.214338 -0.013254 1.000000 -0.108645 -0.006718
699.000000 0.032571 -0.003539 -0.000219 1.972911 -0.214386 -0.013249 1.000000 -0.108665 -0.006716
700.000000 0.030503 -0.003315 -0.000205 1.972911 -0.214386 -0.013249 1.000000 -0.108665 -0.006716
701.000000 0.028544 -0.003102 -0.000192 1.972911 -0.214386 -0.013249 1.000000 -0.108665 -0.006716
702.000000 0.026689 -0.002900 -0.000179 1.972911 -0.214386 -0.013249 1.000000 -0.108665 -0.006716
703.000000 0.024943 -0.002710 -0.000168 1.972911 -0.214386 -0.013249 1.000000 -0.108665 -0.006716
704.000000 0.023306 -0.002533 -0.000157 1.972911 -0.214386 -0.013249 1.000000 -0.108665 -0.006716
705.000000 0.021781 -0.002367 -0.000146 1.972911 -0.214386 -0.013249 1.000000 -0.108665 -0.006716
706.000000 0.020361 -0.002213 -0.000137 1.972911 -0.214386 -0.013249 1.000000 -0.108665 -0.006716
707.000000 0.019036 -0.002069 -0.000128 1.972911 -0.214386 -0.013249 1.000000 -0.108665 -0.006716
708.000000 0.017797 -0.001934 -0.000120 1.972911 -0.214386 -0.013249 1.000000 -0.108665 -0.006716
709.000000 0.016637 -0.001808 -0.000112 1.972911 -0.214386 -0.013249 1.000000 -0.108665 -0.006716
710.000000 0.015549 -0.001690 -0.000104 1.972911 -0.214386 -0.013249 1.000000 -0.108665 -0.006716
711.000000 0.014527 -0.001579 -0.000098 1.972911 -0.214386 -0.013249 1.000000 -0.108665 -0.006716
712.000000 0.013568 -0.001474 -0.000091 1.972911 -0.214386 -0.013249 1.000000 -0.108665 -0.006716
713.000000 0.012668 -0.001377 -0.000085 1.972911 -0.214386 -0.013249 1.000000 -0.108665 -0.006716
714.000000 0.011825 -0.001285 -0.000079 1.972911 -0.214386 -0.013249 1.000000 -0.108665 -0.006716
715.000000 0.011035 -0.001199 -0.000074 1.972911 -0.214386 -0.013249 1.000000 -0.108665 -0.006716
716.000000 0.010295 -0.001119 -0.000069 1.972911 -0.214386 -0.013249 1.000000 -0.108665 -0.006716
717.000000 0.009602 -0.001043 -0.000064 1.972911 -0.214386 -0.013249 1.000000 -0.108665 -0.006716
718.000000 0.008954 -0.000973 -0.000060 1.972911 -0.214386 -0.013249 1.000000 -0.108665 -0.006716
719.000000 0.008349 -0.000907 -0.000056 1.972911 -0.214386 -0.013249 1.000000 -0.108665 -0.006716
720.000000 0.007786 -0.000846 -0.000052 1.972911 -0.214386 -0.013249 1.000000 -0.108665 -0.006716
721.000000 0.007262 -0.000789 -0.000049 1.972911 -0.214386 -0.013249 1.000000 -0.108665 -0.006716
722.000000 0.006775 -0.000736 -0.000046 1.972911 -0.214386 -0.013249 1.000000 -0.108665 -0.006716
723.000000 0.006322 -0.000687 -0.000042 1.972911 -0.214386 -0.013249 1.000000 -0.108665 -0.006716
724.000000 0.005899 -0.000641 -0.000040 1.972911 -0.214385 -0.013249 1.000000 -0.108665 -0.006716
725.000000 0.005503 -0.000598 -0.000037 1.972911 -0.214386 -0.013249 1.000000 -0.108665 -0.006716
726.000000 0.005132 -0.000558 -0.000034 1.972911 -0.214386 -0.013249 1.000000 -0.108665 -0.006716
727.000000 0.004784 -0.000520 -0.000032 1.972911 -0.214385 -0.013249 1.000000 -0.108665 -0.006716
728.000000 0.004458 -0.000484 -0.000030 1.972911 -0.214386 -0.013249 1.000000 -0.108665 -0.006716
729.000000 0.004153 -0.000451 -0.000028 1.972911 -0.214386 -0.013249 1.000000 -0.108665 -0.006716
730.000000 0.003867 -0.000420 -0.000026 1.972911 -0.214385 -0.013249 1.000000 -0.108665 -0.006716
731.000000 0.003599 -0.000391 -0.000024 1.972911 -0.214386 -0.013249 1.000000 -0.108665 -0.006716
732.000000 0.003347 -0.000364 -0.000022 1.972911 -0.214385 -0.013249 1.000000 -0.108665 -0.006716
733.000000 0.003111 -0.000338 -0.000021 1.972911 -0.214385 -0.013249 1.000000 -0.108665 -0.006716
734.000000 0.002891 -0.000314 -0.000019 1.972911 -0.214386 -0.013249 1.000000 -0.108665 -0.006716
735.000000 0.002685 -0.000292 -0.000018 1.972911 -0.214386 -0.013249 1.000000 -0.108665 -0.006716
736.000000 0.002494 -0.000271 -0.000017 1.972911 -0.214386 -0.013249 1.000000 -0.108665 -0.006716
737.000000 0.002316 -0.000252 -0.000016 1.972911 -0.214386 -0.013249 1.000000 -0.108665 -0.006716
738.000000 0.002150 -0.000234 -0.000014 1.972911 -0.214386 -0.013249 1.000000 -0.108665 -0.006716
739.000000 0.001996 -0.000217 -0.000013 1.972911 -0.214386 -0.013249 1.000000 -0.108665 -0.006716
740.000000 0.001853 -0.000201 -0.000012 1.972911 -0.214386 -0.013249 1.000000 -0.108665 -0.006716
741.000000 0.001720 -0.000187 -0.000012 1.972911 -0.214386 -0.013249 1.000000 -0.108665 -0.006716
742.000000 0.001596 -0.000173 -0.000011 1.972911 -0.214386 -0.013249 1.000000 -0.108665 -0.006716
743.000000 0.001482 -0.000161 -0.000010 1.972911 -0.214386 -0.013249 1.000000 -0.108665 -0.006716
744.000000 0.001376 -0.000150 -0.000009 1.972911 -0.214386 -0.013249 1.000000 -0.108665 -0.006716
745.000000 0.001278 -0.000139 -0.000009 1.972911 -0.214386 -0.013249 1.000000 -0.108665 -0.006716
746.000000 0.001188 -0.000129 -0.000008 1.972911 -0.214386 -0.013249 1.000000 -0.108665 -0.006716
747.000000 0.001105 -0.000120 -0.000007 1.972911 -0.214386 -0.013249 1.000000 -0.108665 -0.006716
748.000000 0.001028 -0.000112 -0.000007 1.972911 -0.214386 -0.013249 1.000000 -0.108665 -0.006716
749.000000 0.000958 -0.000104 -0.000006 1.972911 -0.214386 -0.013249 1.000000 -0.108665 -0.006716
750.000000 0.000892 -0.000097 -0.000006 1.972911 -0.214386 -0.013249 1.000000 -0.108665 -0.006716
751.000000 0.000832 -0.000090 -0.000006 1.972911 -0.214386 -0.013249 1.000000 -0.108665 -0.006716
752.000000 0.000776 -0.000084 -0.000005 1.972911 -0.214386 -0.013249 1.000000 -0.108665 -0.006716
753.000000 0.000724 -0.000079 -0.000005 1.972911 -0.214386 -0.013249 1.000000 -0.108665 -0.006716
754.000000 0.000676 -0.000073 -0.000005 1.972911 -0.214386 -0.013249 1.000000 -0.108665 -0.006716
755.000000 0.000631 -0.000069 -0.000004 1.972911 -0.214386 -0.013249 1.000000 -0.108665 -0.006716
756.000000 0.000589 -0.000064 -0.000004 1.972911 -0.214386 -0.013249 1.000000 -0.108665 -0.006716
757.000000 0.000549 -0.000060 -0.000004 1.972911 -0.214386 -0.013249 1.000000 -0.108665 -0.006716
758.000000 0.000512 -0.000056 -0.000003 1.972911 -0.214386 -0.013249 1.000000 -0.108665 -0.006716
759.000000 0.000478 -0.000052 -0.000003 1.972911 -0.214386 -0.013249 1.000000 -0.108665 -0.006716
760.000000 0.000446 -0.000048 -0.000003 1.972911 -0.214385 -0.013249 1.000000 -0.108665 -0.006716
761.000000 0.000416 -0.000045 -0.000003 1.972911 -0.214385 -0.013249 1.000000 -0.108665 -0.006716
762.000000 0.000388 -0.000042 -0.000003 1.972911 -0.214386 -0.013249 1.000000 -0.108665 -0.006716
763.000000 0.000362 -0.000039 -0.000002 1.972911 -0.214386 -0.013249 1.000000 -0.108665 -0.006716
764.000000 0.000338 -0.000037 -0.000002 1.972911 -0.214385 -0.013249 1.000000 -0.108665 -0.006716
765.000000 0.000315 -0.000034 -0.000002 1.972911 -0.214385 -0.013249 1.000000 -0.108665 -0.006716
766.000000 0.000294 -0.000032 -0.000002 1.972911 -0.214386 -0.013249 1.000000 -0.108665 -0.006716
767.000000 0.000275 -0.000030 -0.000002 1.972912 -0.214386 -0.013249 1.000000 -0.108665 -0.006716
768.000000 0.000256 -0.000028 -0.000002 1.972911 -0.214386 -0.013249 1.000000 -0.108665 -0.006716
769.000000 0.000239 -0.000026 -0.000002 1.972911 -0.214386 -0.013249 1.000000 -0.108665 -0.006716
770.000000 0.000223 -0.000024 -0.000001 1.972911 -0.214386 -0.013249 1.000000 -0.108665 -0.006716
771.000000 0.000208 -0.000023 -0.000001 1.972911 -0.214386 -0.013249 1.000000 -0.108665 -0.006716
772.000000 0.000194 -0.000021 -0.000001 1.972911 -0.214386 -0.013249 1.000000 -0.108665 -0.006716
773.000000 0.000181 -0.000020 -0.000001 1.972911 -0.214386 -0.013249 1.000000 -0.108665 -0.006716
774.000000 0.000169 -0.000018 -0.000001 1.972911 -0.214386 -0.013249 1.000000 -0.108665 -0.006716
775.000000 0.000158 -0.000017 -0.000001 1.972911 -0.214386 -0.013249 1.000000 -0.108665 -0.006716
776.000000 0.000147 -0.000016 -0.000001 1.972911 -0.214386 -0.013249 1.000000 -0.108665 -0.006716
777.000000 0.000137 -0.000015 -0.000001 1.972911 -0.214386 -0.013249 1.000000 -0.108665 -0.006716
778.000000 0.000128 -0.000014 -0.000001 1.972911 -0.214386 -0.013249 1.000000 -0.108665 -0.006716
779.000000 0.000119 -0.000013 -0.000001 1.972911 -0.214386 -0.013249 1.000000 -0.108665 -0.006716
780.000000 0.000111 -0.000012 -0.000001 1.972911 -0.214386 -0.013249 1.000000 -0.108665 -0.006716
781.000000 0.000104 -0.000011 -0.000001 1.972911 -0.214386 -0.013249 1.000000 -0.108665 -0.006716
782.000000 0.000097 -0.000011 -0.000001 1.972911 -0.214386 -0.013249 1.000000 -0.108665 -0.006716
783.000000 0.000091 -0.000010 -0.000001 1.972911 -0.214386 -0.013249 1.000000 -0.108665 -0.006716
784.000000 0.000084 -0.000009 -0.000001 1.972911 -0.214386 -0.013249 1.000000 -0.108665 -0.006716
785.000000 0.000079 -0.000009 -0.000001 1.972911 -0.214386 -0.013249 1.000000 -0.108665 -0.006716
786.000000 0.000074 -0.000008 -0.000000 1.972911 -0.214386 -0.013249 1.000000 -0.108665 -0.006716
787.000000 0.000069 -0.000007 -0.000000 1.972911 -0.214386 -0.013249 1.000000 -0.108665 -0.006716
788.000000 0.000064 -0.000007 -0.000000 1.972911 -0.214386 -0.013249 1.000000 -0.108665 -0.006716
789.000000 0.000060 -0.000006 -0.000000 1.972911 -0.214386 -0.013249 1.000000 -0.108665 -0.006716
790.000000 0.000056 -0.000006 -0.000000 1.972911 -0.214385 -0.013249 1.000000 -0.108665 -0.006716
791.000000 0.000052 -0.000006 -0.000000 1.972911 -0.214386 -0.013249 1.000000 -0.108665 -0.006716
792.000000 0.000048 -0.000005 -0.000000 1.972911 -0.214386 -0.013249 1.000000 -0.108665 -0.006716
793.000000 0.000045 -0.000005 -0.000000 1.972911 -0.214386 -0.013249 1.000000 -0.108665 -0.006716
794.000000 0.000042 -0.000005 -0.000000 1.972911 -0.214386 -0.013249 1.000000 -0.108665 -0.006716
795.000000 0.000039 -0.000004 -0.000000 1.972911 -0.214386 -0.013249 1.000000 -0.108665 -0.006716
796.000000 0.000036 -0.000004 -0.000000 1.972911 -0.214386 -0.013249 1.000000 -0.108665 -0.006716
797.000000 0.000034 -0.000004 -0.000000 1.972911 -0.214386 -0.013249 1.000000 -0.108665 -0.006716
798.000000 0.000032 -0.000003 -0.000000 1.972911 -0.214386 -0.013249 1.000000 -0.108665 -0.006716
799.000000 0.000030 -0.000003 -0.000000 1.972911 -0.214385 -0.013249 1.000000 -0.108665 -0.006716
800.000000 0.000028 -0.000003 -0.000000 1.972911 -0.214386 -0.013249 1.000000 -0.108665 -0.006716
801.000000 0.000026 -0.000003 -0.000000 1.972911 -0.214386 -0.013249 1.000000 -0.108665 -0.006716
802.000000 0.000024 -0.000003 -0.000000 1.972911 -0.214386 -0.013249 1.000000 -0.108665 -0.006716
803.000000 0.000022 -0.000002 -0.000000 1.972911 -0.214386 -0.013249 1.000000 -0.108665 -0.006716
804.000000 0.000021 -0.000002 -0.000000 1.972911 -0.214386 -0.013249 1.000000 -0.108665 -0.006716
805.000000 0.000019 -0.000002 -0.000000 1.972911 -0.214386 -0.013249 1.000000 -0.108665 -0.006716
806.000000 0.000018 -0.000002 -0.000000 1.972911 -0.214386 -0.013249 1.000000 -0.108665 -0.006716
807.000000 0.000017 -0.000002 -0.000000 1.972911 -0.214386 -0.013249 1.000000 -0.108665 -0.006716
808.000000 0.000016 -0.000002 -0.000000 1.972911 -0.214386 -0.013249 1.000000 -0.108665 -0.006716
809.000000 0.000015 -0.000002 -0.000000 1.972911 -0.214386 -0.013249 1.000000 -0.108665 -0.006716
810.000000 0.000014 -0.000001 -0.000000 1.972911 -0.214386 -0.013249 1.000000 -0.108665 -0.006716
811.000000 0.000013 -0.000001 -0.000000 1.972911 -0.214386 -0.013249 1.000000 -0.108665 -0.006716
812.000000 0.000012 -0.000001 -0.000000 1.972911 -0.214386 -0.013249 1.000000 -0.108665 -0.006716
813.000000 0.000011 -0.000001 -0.000000 1.972911 -0.214386 -0.013249 1.000000 -0.108665 -0.006716
814.000000 0.000010 -0.000001 -0.000000 1.972911 -0.214386 -0.013249 1.000000 -0.108665 -0.006716
815.000000 0.000010 -0.000001 -0.000000 1.972911 -0.214386 -0.013249 1.000000 -0.108665 -0.006716
816.000000 0.000009 -0.000001 -0.000000 1.972911 -0.214386 -0.013249 1.000000 -0.108665 -0.006716
817.000000 0.000008 -0.000001 -0.000000 1.972911 -0.214386 -0.013249 1.000000 -0.108665 -0.006716
818.000000 0.000008 -0.000001 -0.000000 1.972911 -0.214386 -0.013249 1.000000 -0.108665 -0.006716
819.000000 0.000007 -0.000001 -0.000000 1.972912 -0.214386 -0.013249 1.000000 -0.108665 -0.006716
820.000000 0.000007 -0.000001 -0.000000 1.972911 -0.214386 -0.013249 1.000000 -0.108665 -0.006716
821.000000 0.000006 -0.000001 -0.000000 1.972911 -0.214386 -0.013249 1.000000 -0.108665 -0.006716
822.000000 0.000006 -0.000001 -0.000000 1.972911 -0.214386 -0.013249 1.000000 -0.108665 -0.006716
823.000000 0.000005 -0.000001 -0.000000 1.972912 -0.214386 -0.013249 1.000000 -0.108665 -0.006716
824.000000 0.000005 -0.000001 -0.000000 1.972912 -0.214386 -0.013249 1.000000 -0.108665 -0.006716
825.000000 0.000005 -0.000001 -0.000000 1.972911 -0.214386 -0.013249 1.000000 -0.108665 -0.006716
826.000000 0.000004 -0.000000 -0.000000 1.972912 -0.214386 -0.013249 1.000000 -0.108665 -0.006716
827.000000 0.000004 -0.000000 -0.000000 1.972912 -0.214386 -0.013249 1.000000 -0.108665 -0.006716
828.000000 0.000004 -0.000000 -0.000000 1.972911 -0.214386 -0.013249 1.000000 -0.108665 -0.006716
829.000000 0.000004 -0.000000 -0.000000 1.972912 -0.214386 -0.013249 1.000000 -0.108665 -0.006716
830.000000 0.000003 -0.000000 -0.000000 1.972911 -0.214385 -0.013249 1.000000 -0.108665 -0.006716
